start=0.000000
mute=yes
video-aspect=0.000000
